ln      1;38;2;152;187;108 # LINK; Kanagawa: SpringGreen
or      31;01   # ORPHAN
tw      34      # STICKY_OTHER_WRITABLE
ow      34      # OTHER_WRITABLE
st      01;34   # STICKY
di      1;38;2;126;156;216 # DIR; Kanagawa: SurimiOrange
pi      33      # FIFO
so      1;38;2;149;127;184   # SOCK
bd      33;01   # BLK
cd      33;01   # CHR
su      01;32   # SETUID
sg      01;32   # SETGID
ex      1;38;2;210;126;153 # EXEC; Kanagawa: SakuraPink
fi      1;38;2;220;215;186 # FILE; Kanagawa: FujiWhite

# archives or compressed (Kanagawa: PeachRed)
*.tar   1;38;2;255;93;98
*.tgz   1;38;2;255;93;98
*.arc   1;38;2;255;93;98
*.arj   1;38;2;255;93;98
*.taz   1;38;2;255;93;98
*.lha   1;38;2;255;93;98
*.lz4   1;38;2;255;93;98
*.lzh   1;38;2;255;93;98
*.lzma  1;38;2;255;93;98
*.tlz   1;38;2;255;93;98
*.txz   1;38;2;255;93;98
*.tzo   1;38;2;255;93;98
*.t7z   1;38;2;255;93;98
*.zip   1;38;2;255;93;98
*.z     1;38;2;255;93;98
*.dz    1;38;2;255;93;98
*.gz    1;38;2;255;93;98
*.lrz   1;38;2;255;93;98
*.lz    1;38;2;255;93;98
*.lzo   1;38;2;255;93;98
*.xz    1;38;2;255;93;98
*.zst   1;38;2;255;93;98
*.tzst  1;38;2;255;93;98
*.bz2   1;38;2;255;93;98
*.bz    1;38;2;255;93;98
*.tbz   1;38;2;255;93;98
*.tbz2  1;38;2;255;93;98
*.tz    1;38;2;255;93;98
*.deb   1;38;2;255;93;98
*.rpm   1;38;2;255;93;98
*.jar   1;38;2;255;93;98
*.war   1;38;2;255;93;98
*.ear   1;38;2;255;93;98
*.sar   1;38;2;255;93;98
*.rar   1;38;2;255;93;98
*.alz   1;38;2;255;93;98
*.ace   1;38;2;255;93;98
*.zoo   1;38;2;255;93;98
*.cpio  1;38;2;255;93;98
*.7z    1;38;2;255;93;98
*.rz    1;38;2;255;93;98
*.cab   1;38;2;255;93;98
*.wim   1;38;2;255;93;98
*.swm   1;38;2;255;93;98
*.dwm   1;38;2;255;93;98
*.esd   1;38;2;255;93;98

# image formats (Kanagawa: OniViolet)
*.jpg   1;38;2;149;127;184
*.jpeg  1;38;2;149;127;184
*.mjpg  1;38;2;149;127;184
*.mjpeg 1;38;2;149;127;184
*.gif   1;38;2;149;127;184
*.bmp   1;38;2;149;127;184
*.pbm   1;38;2;149;127;184
*.pgm   1;38;2;149;127;184
*.ppm   1;38;2;149;127;184
*.tga   1;38;2;149;127;184
*.xbm   1;38;2;149;127;184
*.xpm   1;38;2;149;127;184
*.tif   1;38;2;149;127;184
*.tiff  1;38;2;149;127;184
*.png   1;38;2;149;127;184
*.svg   1;38;2;149;127;184
*.svgz  1;38;2;149;127;184
*.mng   1;38;2;149;127;184
*.pcx   1;38;2;149;127;184
*.mov   1;38;2;149;127;184
*.mpg   1;38;2;149;127;184
*.mpeg  1;38;2;149;127;184
*.m2v   1;38;2;149;127;184
*.mkv   1;38;2;149;127;184
*.webm  1;38;2;149;127;184
*.ogm   1;38;2;149;127;184
*.mp4   1;38;2;149;127;184
*.m4v   1;38;2;149;127;184
*.mp4v  1;38;2;149;127;184
*.vob   1;38;2;149;127;184
*.qt    1;38;2;149;127;184
*.nuv   1;38;2;149;127;184
*.wmv   1;38;2;149;127;184
*.asf   1;38;2;149;127;184
*.rm    1;38;2;149;127;184
*.rmvb  1;38;2;149;127;184
*.flc   1;38;2;149;127;184
*.avi   1;38;2;149;127;184
*.fli   1;38;2;149;127;184
*.flv   1;38;2;149;127;184
*.gl    1;38;2;149;127;184
*.dl    1;38;2;149;127;184
*.xcf   1;38;2;149;127;184
*.xwd   1;38;2;149;127;184
*.yuv   1;38;2;149;127;184
*.cgm   1;38;2;149;127;184
*.emf   1;38;2;149;127;184
*.ogv   1;38;2;149;127;184
*.ogx   1;38;2;149;127;184

# audio formats (Kanagawa: SpringBlue)
*.aac   1;38;2;127;180;202
*.au    1;38;2;127;180;202
*.flac  1;38;2;127;180;202
*.m4a   1;38;2;127;180;202
*.mid   1;38;2;127;180;202
*.midi  1;38;2;127;180;202
*.mka   1;38;2;127;180;202
*.mp3   1;38;2;127;180;202
*.mpc   1;38;2;127;180;202
*.ogg   1;38;2;127;180;202
*.ra    1;38;2;127;180;202
*.wav   1;38;2;127;180;202
*.oga   1;38;2;127;180;202
*.opus  1;38;2;127;180;202
*.spx   1;38;2;127;180;202
*.xspf  1;38;2;127;180;202
